1.0
0.0021628
0.0179616
0.00148908
0.0185785
0.0185785
0.0209883
0.00106399
0.0
0.00283742
0.0031784
0.00100103
0.0
0.00372498
0.000930108
0.000723784
0.023574
0.00257053
0.00153408
0.0104522
0.0
0.00125506
0.0312381
0.000894143
0.00170913
0.0
0.00264467
0.00165606
0.00180062
0.205518
0.00148369
0.00119685
0.00332892
0.0
0.00278116
0.00109807
0.056395
0.00273769
0.0
0.00259028
0.0021915
0.00100599
0.00152453
0.0243955
0.000380711
0.00228722
0.0
0.00250849
0.00144156
0.00191473
0.0
0.00142321
0.00187626
0.000702753
0.00153762
0.00114931
0.00324867
0.00239102
0.0244922
0.00116122
0.0
0.0
0.00174058
0.0
0.0318573
0.0316194
0.000500427
0.00199531
0.00112307
0.0
0.00151395
0.0307072
0.00125916
0.00134705
0.00124009
0.00240389
0.0211495
0.0023354
0.0212582
0.0
0.000930108
0.0
0.0229325
0.0148082
0.00213788
0.0015665
0.00101045
0.00105903
0.00121226
0.509983
0.0353773
0.00309774
0.000776534
0.00183736
0.0015026
0.0194728
0.00272794
0.000380711
0.0
0.00082547
0.000799339
0.00151591
0.00125454
0.0875212
0.000924996
0.00280771
0.0
0.0399785
0.00133363
0.0
0.00229275
0.0
0.00283799
0.0
0.0
0.00206787
0.000796326
0.0
0.000999712
0.0
0.00637806
0.00120436
0.000573121
0.0125901
0.00111308
0.000704599
0.0
0.486656
0.0443201
0.0098337
0.0
0.0335264
0.0
0.0
0.000838522
0.0154595
0.0
0.000687225
0.00308075
0.00235979
0.0
0.0450904
0.0
0.0156008
0.00174703
0.0422337
0.0
0.0375559
0.00117431
0.00251834
0.000576954
0.00257543
0.00194809
0.00210465
0.0
0.000955194
0.00250775
0.0
0.0201947
0.00200896
0.0119426
0.0207588
0.000809765
0.00117956
0.00200227
0.0298136
0.0
0.00147518
0.0031784
0.00100103
0.0
0.00372498
0.000930108
0.000723784
0.0
0.023574
0.00257053
0.00153408
0.00242475
0.00185354
0.0
0.0
0.000996819
0.107043
0.000960982
0.000641942
0.000687238
0.000603018
0.00148369
0.00119685
0.00332892
0.0
0.00278116
0.00109807
0.056395
0.00273769
0.0
0.00259028
0.0021915
0.00100599
0.00152453
0.0243955
0.000380711
0.00236057
0.0
0.00250849
0.00144156
0.00191473
0.0012434
0.0
0.0533615
0.00251075
0.00100464
0.00148765
0.00209687
0.00209687
0.0013539
0.00363839
0.00206787
0.000796326
0.0
0.00181181
0.00760255
0.0247461
0.00199982
0.0219821
0.00100132
0.00075185
0.0015033
0.0175887
0.000741539
0.00291031
0.0
0.000722862
0.0
0.00211678
0.0
0.00101517
0.00175758
0.000670829
0.0
0.00133802
0.0
0.00160297
0.00133542
0.00183116
0.0
0.00172681
0.00209687
0.0013539
0.00363839
0.0
0.0
0.0013875
0.0021486
0.022317
0.026598
0.00078185
0.000775988
0.0333331
0.00181542
0.0
0.00140083
0.000671351
0.009665
0.00363839
0.0031784
0.00100103
0.0182869
0.00221199
0.000380711
0.000449692
0.000629088
0.000344862
0.00180626
0.00834451
0.00210913
0.00135424
0.0337338
0.003409
0.00122223
0.00212267
0.035517
0.0179379
0.0
0.00151206
0.00163855
0.00195167
0.232344
0.00306601
0.00107859
0.00183411
0.00182194
0.00260376
0.000500764
0.00268666
0.00307303
0.00111173
0.00200896
0.0119426
0.0207588
0.000809765
0.00117956
0.00200227
0.0298136
0.0
0.00147518
0.000969799
0.00144083
0.00145117
0.000638088
0.0013593
0.00161937
0.00327011
0.00194307
0.0
0.00170604
0.0
0.00347122
0.00452824
0.0
0.00142321
0.00135863
0.00138959
0.00189577
0.0
0.023777
0.000826225
0.00288737
0.000503981
0.0
0.0201947
